r1: 0.00996933R
r2: 0.010036R
r3: 1.75146e-06R
